0 1
1 1
2 1
3 1
4 1
5 1
6 1
7 1
8 1
9 1
10 1
11 1
12 1
13 1
14 1
15 1
16 1
17 1
18 1
19 1
20 1
21 1
22 1
23 1
24 1
25 1
26 1
27 1
28 10
29 10
30 10
31 10
32 10
33 10
34 10
35 10
36 10
37 100
38 100
39 100
40 100
41 100
42 100
43 100
44 100
45 100
46 100
47 100
48 100
49 100
50 100
51 100
52 100
53 1000
54 1000
55 1000
56 1000
57 1000
58 1000
59 1000
60 1000
61 1000
62 1000
63 1000
64 1001
65 1001
66 1001
67 1001
68 1001
69 1001
70 1001
71 1001
72 1001
73 1001
74 1001
75 1001
76 1001
77 1001
78 1001
79 1001
80 1001
81 1001
82 1001
83 1001
84 1001
85 1001
86 1001
87 1001
88 1002
89 1002
90 1003
91 1003
92 1003
93 1003
94 1003
95 1003
96 1003
97 1003
98 1003
99 1003
100 1003
101 101
102 101
103 101
104 101
105 101
106 101
107 101
108 101
109 101
110 101
111 101